9 8
   -2.77376     1.81356    -1.97824     1.15644    -2.34906    0.634265    -2.31015     3.01225
  -0.445909    0.230156    -2.03562     1.23849    -1.05702     2.94426    -1.56895   0.0629842
   0.308279     2.80019     -2.6795    -1.11693     1.64406    -1.90939    -5.71747 -0.00804807
   -2.52893   -0.370639    -2.42526    -1.22449    -4.82988     2.11146     2.75587    -1.23507
   -5.23973    -1.55922    -1.57104     2.33338     1.14428    -2.50497    -2.41929    0.546029
    4.22924   -0.705827    -0.47504    -2.52978    -1.93273     2.41981     2.54027    -5.04883
   -3.15684    -2.18671      2.7897   -0.161329     1.26174      3.8157    -2.58043    -1.44862
   -1.08012       3.583    -2.28046   0.0498232    -1.97497    -1.53013    0.985529    -2.31145
     -1.585     3.30091    -3.62159     1.64292   -0.957859    -2.50611    -2.30063   -0.383998
9 9
   1.62732   -3.21257    1.29277   0.330599   0.667787  -0.238654   -1.54326  -0.347105    0.70481
   1.13853   -0.43415    4.30383   -3.60492   0.310804    4.07684  -0.458985   -1.38998   -1.88348
   1.44126    2.12998    2.44965   0.737279    3.38546   -1.87687    2.51445   0.680423  -0.518491
   2.02884    0.36715    4.22147   0.607822   0.850921    1.47039  -0.261812  -0.567285    1.13828
  -2.78597   -2.45199   -2.13993    1.30697    2.66938   -1.30992    -3.8752    1.56878    1.98118
 -0.690471    1.27394   0.281365    2.77091      1.202   -1.09482  -0.364091  -0.504082   -1.60369
   2.41651   0.410752    1.04027 -0.0503259    1.32429    4.42091  -0.550664  -0.933331    1.72013
  -1.02342   -4.70285   -3.82489    1.91477   -1.46215   0.869672   -0.19909    2.37792   -1.51706
  -1.04685  -0.243664    4.89897   -1.97572    1.72063    1.26961  -0.609694    2.15657   0.967935
2 9
  1.06054  0.699339  -0.87905   2.81938 0.0449378 -0.990107 0.0262934 -0.616422  -2.51231
-0.708251  -1.22838    4.9423  -3.48398   0.76991  0.223724  0.231327  0.680022   2.20428
